#rio_grande={
#	location=2499
#}
california={
	location=2021
	color={
		231 181 12 
	}
	outgoing={
		name="mexico"
		path={
			1556 1555 1554 1552 1551 
		}
		control={
			889.000000 1491.000000 926.929993 1409.489990 981.000000 1346.000000 1050.000000 1260.000000 1131.000000 1218.000000 1159.000000 1220.000000 1174.000000 1221.000000 1194.000000 1207.000000 1203.000000 1199.000000 1222.000000 1198.000000 1241.000000 1194.000000 
		}
	}
#	outgoing={
#		name="mississippi_river"
#		path={
#			872 873 2019 2020 2006 2008 903 902 900 895 2014 893 1507 
#		}
#		control={
#			878.000000 1607.000000 896.000000 1634.000000 967.000000 1660.000000 1034.000000 1632.000000 1116.000000 1656.000000 1204.000000 1615.000000 1288.000000 1591.000000 1368.163940 1532.114014 1396.000000 1494.000000 1374.000000 1432.000000 1358.000000 1397.000000 1369.000000 1363.000000 
#		}
#	}
	outgoing={
		name="girin"
		path={
			1557 1684 1686 1685 1683 1668 1669 1440 1387 1980 1850 2106 2108 730 
		}
		control={
			852.000000 1529.000000 661.000000 1606.000000 431.000000 1626.000000 193.000000 1678.000000 47.000000 1653.000000 5530.000000 1599.000000 5161.000000 1449.000000 5022.000000 1430.000000 4899.000000 1366.000000 4826.000000 1380.000000 
		}
	}
	members={
			#Alaska Colonial
		979 978 977 976 975 974 972 2022 2609 2610 2611 2612 2613
		2481 2482 2483 872 2019 2020 2489 2490 2486 2487 2488 873 2484 2485 874 2604 2605 2606 2607
		2003 973 2004 2602 2017 2018 2599 2600 2601 2603
			#California Colonial
		868 867 876 875 870 869 871 2021
		2476 2477 2478 2479 2480 2491
		2493    
		4638 4637 4636 4635 4634
		865 866 2620 4639 4577 2616 4650 862 4649 877 4633 # beja california, arizona, and sonoria
			#Other
		1808 2608 1814 1556 1557 1558 1559
	}
}
girin={
	location=730
	color={
		237  152  18
	}
#	outgoing={
#		name="siberia"
#		path={
#			2109 722 721 1057 1060 1062 1064 
#		}
#		control={
#			4726.000000 1497.000000 4604.000000 1533.000000 4431.000000 1539.000000 4365.000000 1590.000000 
#		}
#	}
	outgoing={
		name="beijing"
		path={
			2110 726 704 1816 
		}
		control={
			4771.000000 1384.000000 4747.000000 1383.000000 4722.000000 1397.000000 4709.000000 1390.000000 4698.000000 1392.000000 4690.000000 1387.000000 4675.000000 1366.000000 4671.000000 1355.000000 4650.000000 1340.000000 
		}
	}
	outgoing={
		name="samarkand"
		path={
			1053 1060 2454
		}
		control={
			4780.000000 1404.000000 4773.000000 1412.000000 4760.000000 1414.000000 4750.000000 1421.000000 4753.000000 1427.000000 4768.000000 1427.000000 4782.000000 1431.000000 4786.000000 1436.000000 4804.000000 1436.000000 4821.000000 1437.000000 4846.000000 1460.000000 4863.000000 1462.000000 4871.000000 1471.000000 4852.000000 1471.000000 4846.000000 1479.000000 4849.000000 1483.000000 4844.000000 1489.000000 4845.000000 1495.000000 4837.000000 1496.000000 4827.000000 1505.000000 4821.000000 1505.000000 4814.000000 1509.000000 4803.000000 1509.000000 4796.000000 1517.000000 4797.000000 1522.000000 4794.000000 1523.000000 4792.000000 1533.000000 4788.000000 1538.000000 4786.000000 1546.000000 4780.000000 1556.000000 4775.000000 1569.000000 4767.000000 1580.000000 4747.000000 1584.000000 4735.000000 1590.000000 4697.000000 1586.000000 4696.000000 1596.000000 4680.000000 1595.000000 4663.000000 1587.000000 4658.000000 1579.000000 4656.000000 1573.000000 4654.000000 1568.000000 4651.000000 1567.000000 4648.000000 1562.000000 4630.000000 1559.000000 4604.000000 1556.000000 4595.000000 1555.000000 4591.000000 1553.000000 4582.000000 1554.000000 4575.000000 1561.000000 4544.000000 1537.000000 4484.000000 1559.000000 4459.000000 1557.000000 4424.000000 1549.000000 4380.000000 1582.000000 4347.000000 1565.000000 4310.000000 1564.000000 4302.000000 1573.000000 4283.000000 1565.000000 4277.000000 1551.000000 4254.000000 1550.000000 4234.000000 1559.000000 4189.000000 1563.000000 4085.000000 1522.000000 4040.000000 1451.000000 3995.000000 1450.000000 3957.000000 1433.000000 3929.000000 1392.000000 3892.000000 1385.000000 3848.000000 1388.000000 3835.000000 1386.000000 3841.000000 1375.000000 3851.000000 1374.000000 3858.000000 1363.000000 3867.000000 1348.000000 3863.000000 1331.000000 3862.000000 1318.000000 
		}
	}
	outgoing={
		name="nippon"
		path={
			732 1377 1376 
		}
		control={
			4805.000000 1332.000000 4833.000000 1296.000000 4845.000000 1259.000000 
		}
	}
	members={
			#east_siberia_region
		1045 1051 1054 2435 2437 #yakutia_area
		1042 1046 2438 #sakha_area
		1043 1044 1047 1052 #okhotsk_area
		1040 #magadan_area
		1034 1035 1038 1041 2440 #kamchatka_area
		1055 1056 1057 1058 2446 #buryatia_area
		1036 1037 1039 1040 2439 #kolyma_area
			#korea_region
		1845 2744 4232 #pyongan_area
		732 2742 2743 #hamgyeong_area
		733 735 4230 4231 #western_korea_area
		734 736 2694 2745 4227 #eastern_korea_area
		737 1013 2741 4228 4229 #south_korea_area
			#manchuria_region
		724 1053 2102 4664 #heilongjiang_area
		1049 2104 4662 4659 2103 #east_heilongjiang_area
		730 2110 2188 4201 #jilin_area
		729 731 2105 4217 4663 #central_jilin_area
		1048 1050 4214 4216 4215 #ilan_hala_area
		1033 4658 #sakhalin_area
		2107 2108 4654 4661 4653 #ningguta_area
		1850 2106 2186 4655 4656 #furdan_area
		727 728 2185 4200 4660 #central_heilongjiang_area
		704 726 2111 2112 2113 4652 #liaoning_area
			#Other
		1379 1380 1381 1382 1383 1384 1385 1386 4226 1378 1377 1441
	}
}
#panama={
#	location=835
#	color={
#		20 50 210 
#	}
#}
laplata={
	location=1536
	color={
		236  159  89
	}
	outgoing={
		name="brazil"
		path={
			1535 1534 1533 1532 1531 
		}
		control={
			2001.000000 329.000000 2074.000000 414.000000 2144.000000 481.000000 2213.000000 579.000000 
		}
	}
	outgoing={
		name="lima"
		path={
			2848 790 2878 794 2837 2940 2946 797 2831 804 2829 807 810 809 
		}
		control={
			1874.000000 352.000000 1831.000000 412.000000 1830.000000 449.000000 1788.000000 494.000000 1768.000000 486.000000 1763.000000 518.000000 1748.000000 539.000000 1739.000000 565.000000 1735.000000 592.000000 1695.000000 633.000000 1688.000000 636.000000 1649.000000 653.000000 1648.000000 691.000000 
		}
	}
	members={
			#La Plata Colinial
		780 781 782 786 2863 2868 2869 2870 2875 2876 #Patagonia
		785 2843 2844 2845 2847 2867 2871 2872 2877 #Cuyo
		779 2860 2861 2865 2866 #Southern Pampas
		777 778 2846 2848 2849 2853 2855 2858 2859 #Buenos Aires
		791 794 2836 2837 2839 2842 #tucuman
		790 2854 2878 #Chaco
		772 773 2850 2851 2852 #Banda Oriental
		783 784 787 792 793 796 2840 2841 2862 2873 2874 #Chile
		775 776 799 2882 2883 #Paraguay
			#Other
		1536 1095 2025
	}
}
lima={
	location=809
	color={
		124  140  162 
	}
	outgoing={
		name="carribean_trade"
		path={
			1545 1546 1547 1548 835 
		}
		control={
			1591.000000 684.000000 1531.000000 765.000000 1533.000000 861.000000 1580.000000 932.000000 1570.000000 1006.000000 1609.000000 1087.000000 
		}
	}
	outgoing={
		name="mexico"
		path={
			1545 1546 1700 1550 847 2646 2628 852 
		}
		control={
			1577.000000 675.000000 1500.000000 754.000000 1472.000000 957.000000 1424.000000 1059.000000 1276.000000 1119.000000 1253.000000 1143.000000 1260.000000 1160.000000 1259.000000 1176.000000 
		}
	}
	members={
			#Peru Colinial
		795 797 800 801 802 803 2831 2832 2833 2834 2835 2838 2940 2941 2942 2946 2947 #Bolivia
		804 805 809 810 811 812 813 814 2002 2821 2822 2823 2824 2825 2826 2827 2943 #Tawantisuyu
		806 807 808 2828 2829 2830 #Kuntisuyu
		2944 2945 #Amazon
		815 816 817 818 819 820 821 2820 #Quito
			#Other
		1802
	}
}
mexico={
	location=852
	color={
		219 124 139 
	}
	outgoing={
		name="carribean_trade"
		path={
			847 848 1510 1511 1512 1518 1516 
		}
		control={
			1286.000000 1186.000000 1310.000000 1172.000000 1364.000000 1178.000000 1389.000000 1219.000000 1452.000000 1222.000000 1499.000000 1202.000000 1563.000000 1197.000000 1600.000000 1177.000000 1623.000000 1171.000000 1634.000000 1166.000000 
		}
	}
#	outgoing={
#		name="panama"
#		path={
#			1550 1549 1548 835 
#		}
#		control={
#			1287.000000 1087.000000 1382.000000 1072.000000 1451.000000 1020.000000 1501.000000 986.000000 1530.000000 977.000000 1555.000000 984.000000 
#		}
#	}
	outgoing={
		name="mississippi_river"
		path={
			850 848 1509 1511 1507 
		}
		control={
			1257.000000 1201.000000 1263.000000 1215.000000 1269.000000 1223.000000 1269.000000 1229.000000 1286.000000 1236.000000 1299.000000 1288.000000 1341.000000 1342.000000 
		}
	}
	outgoing={
		name="nippon"
		path={
			1552 1554 1694 1693 1692 1601 1670 1669 1440 1391 1390 1376 
		}
		control={
			1250.000000 1160.000000 1219.000000 1170.000000 1196.000000 1154.000000 1113.000000 1182.000000 1013.000000 1220.000000 840.000000 1249.000000 627.000000 1237.000000 380.000000 1277.000000 124.000000 1299.000000 5507.000000 1389.000000 5269.000000 1402.000000 5082.000000 1307.000000 4985.069824 1217.339966 4883.000000 1185.000000 4863.000000 1207.000000 4849.000000 1211.000000 
		}
	}
	members={
			#### Mexico Colonial####
		863 864 859 860 861 855 856 858 857 854 851 853 849 850 848 847 844
		852 846 845 843 842 841 840 839 837 882 885 891 890 881 880 889 878 879 884 888
		883 892 886 887 2492 2494 2495 2496 2497 2498 2499 2500 2614 2615 2617 2618 2619 
		2621 2622 2623 2624 2626 2627 2628 2629 2630 2631 2632 2633 2634 2635 2636 2637 2638 2640
		2641 2642 2643 2644 2645 2646 2647 2648 2649 2650 2651 2652 2653 2657 2661 2662
		2665 2666 2667 2668 2669
		4632 4631 4630 4628 4629 4627 4606 4644 4646 4648 4647 4645 4643 4642 4578 4640 4576 4579 4580 4575 4574 4573 4641 4572 4571 4570 4581 4583 4598 4582 4584 4585 4586 4587 4594 4589 4588 4590 4591 4593
		4909 4910 4911
			#Other
		1553 1509 1510 1513
	}
}
mississippi_river={
	location=1507
	color={
		20 50 210
	}
	outgoing={
		name="carribean_trade"
		path={
			1506 1505 1525 1516 
		}
		control={
			1494.000000 1317.000000 1541.000000 1254.000000 1607.000000 1231.000000 1646.000000 1203.000000 
		}
	}
	outgoing={
		name="chesapeake_bay"
		path={
			921 2528 939 
		}
		control={
			1421.000000 1349.000000 1407.000000 1354.000000 1389.000000 1362.000000 1375.000000 1374.000000 1377.000000 1387.000000 1384.199951 1397.170044 1384.000000 1428.000000 1392.000000 1442.000000 1395.000000 1449.000000 1407.000000 1470.000000 1414.000000 1479.000000 1416.000000 1489.000000 1425.000000 1489.000000 1427.000000 1494.000000 1431.000000 1500.000000 1440.000000 1503.000000 1454.000000 1504.000000 1459.000000 1509.000000 1462.000000 1504.000000 1474.000000 1517.000000 1482.000000 1520.000000 1485.000000 1527.000000 1494.000000 1520.000000 1501.000000 1518.000000 1509.000000 1519.000000 1518.000000 1514.000000 1524.000000 1518.000000 1525.000000 1523.000000 1531.000000 1529.000000 1542.000000 1534.000000 1550.000000 1555.000000 1560.000000 1551.000000 1579.000000 1563.000000 1593.000000 1568.000000 1597.000000 1565.000000 1606.000000 1566.000000 1604.000000 1550.000000 1613.000000 1541.000000 1618.000000 1533.000000 1613.000000 1520.000000 1618.000000 1502.000000 1623.000000 1488.000000 
		}
	}
	members={
		####Louisiana Colonial####
		893 894 895 897 899 900 915 916 918 919 920 921 942 943 896 917 909 906 898 901 903
		907 908 905 904 902 944 945 914 913 912 911 910 1809 2005 2006 2007 2008 2009 2014 2016
		2501 2502 2503 2504 2505 2506 2507 2508 2509 2510 2511 2512 2513 2514 2515 2516 2517 2518 2519
		2520 2521 2522 2523 2524 2528 2529 2530 2598 2625 2672
		4884 4885 4886 4887 4898 4899 4900 4901 4902 4903 4904 4905 4906 4908 4914 4915 4916 4917 4918 4922 4923
		#other
		1507
	}
}
#ohio={
#	location=940
#	color={
#		129 214 238 
#	}
#}
#chengdu={
#	location=679
#	color={
#		177  207  205
#	}
#	inland=yes
#}
australia={
	location=1412
	color={
		#144  60  75
		152  130  191
	}
#	outgoing={
#		name="philippines"
#		path={
#			1411 1407 1410 1409 1401 1357 
#		}
#		control={
#			5196.000000 344.000000 5122.000000 453.000000 4963.000000 459.000000 4902.000000 544.000000 4800.000000 542.000000 
#		}
#	}
	outgoing={
		name="the_moluccas"
		path={
			1411 1407 1410 1409 1401 1357 
		}
		control={
			5196.000000 344.000000 5122.000000 453.000000 4963.000000 459.000000 4902.000000 544.000000 4800.000000 542.000000 
		}
	}
	outgoing={
		name="cape_of_good_hope"
		path={
			1411 2732 1791 1790 1419 1643 1645 1646 1647 1455 1454 1627 1458 1180 833 1179 1460 
		}
		control={
			5146.000000 106.000000 5091.100098 63.000000 4992.000000 61.000000 4843.000000 141.000000 4673.000000 103.000000 4230.000000 102.000000 3772.000000 91.000000 3422.000000 49.000000 
		}
	}
	members={
		1084 1085 1086 1087 1088 1089 1090 1091 1092 1093 1094
		1246 1109 1107 1108 1106 2726 2727 2728 2729 2730 2731
		2732 2733 2734 2735 2736 2737 2738 2739
		
		#Mandala Provinces
		4846 4847 4848 4849 4850 4851 4852 4853 4854 4855 4856 4857 4858
		4859 4860 4861 4862 4863 4864 4865 4866 4867 4868 4869 4939
	}
}
canton={
	location=1371
	color={
		246 196 24
	}
	outgoing={
		name="malacca"
		path={
			1394 1367 1362 1361 
		}
		control={
			4576.000000 993.000000 4538.770020 956.909973 4513.000000 827.000000 4474.000000 798.000000 4427.000000 723.000000 4444.000000 666.000000 
		}
	}
	outgoing={
		name="hangzhou"
		path={
			1372 1824 684 
		}
		control={
			4640.000000 1012.000000 4686.000000 1065.000000 4720.000000 1127.000000 
		}
	}
	members={
			#south_china_region 1/2
		667 668 2156 2157 2158 #guangdong_area
		665 666 2159 2160 2161 #west_guangdong_area
		669 1829 2152 2153 #fujian_area
		738 2154 2155 #taiwan_area
		664 1840 2162 2163 2164 #guangxi_area
			#indo_china_region	
		610 1016 2373 4821 #vietnam_area
		615 2371 2381 4837 1844 #north_laos_area
		600 4831 4832 4830 603 #central_thai_area
		602 1817 589 4842 4841 #northern_thai_area
		604 4825 4826 2379 #cambodia_area
		605 2376 2377 4829 2380 #mekong_area
		609 4828 4827 1823 2378 #angkor_area
		606 607 1022 2374 4822 #champa_area
		612 4836 2383 2386 #khorat_area
		2375 4823 4824 #tay_nguyen_area
		613 616 2372 4819 4820 #red_river_delta_area
		2388 2389 601 4833 4834 #sukhothai_area
		608 4839 4840 2382 4838 #champasak_area
		614 2384 2385 611 #vientiane_area
			#Xinan 1/2
		662 663 673 674 4199 #yun_gui_area
		660 661 2165 2166 2167 #yun_gui_borderland_area
			#Other
		1371 1370 1372
	}
}
hangzhou={
	location=684
	color={
		126  87  198
	}
	outgoing={
		name="beijing"
		path={
			1373 4234 4233
		}
		control={
			4723.000000 1172.000000 4731.000000 1270.000000 4687.000000 1291.000000 
		}
	}
	outgoing={
		name="philippines"
		path={
			1373 1392 1393
		}
		control={
			4730.000000 1136.000000 4728.000000 1053.000000 4724.810059 931.130005 
		}
	}
	members={
			#north_china_region 1/3
		1838 2143 2144 #anhui_area
			#south_china_region 2/2
		685 1821 1822 2145 #south_jiangsu_area
		681 682 2171 2172 4197 #huguang_area
		686 2146 2147 #south_anhui_area
		670 683 1833 2151 #jiangxi_area
		684 1824 2148 2149 2150 #zhejiang_area
		671 672 2173 2174 #hunan_area
			#Xinan 2/2
		679 680 4212 #sichuan_area
		2169 2170 4211 #chuanbei_area
		675 2168 2748 4213 #chuannan_area
			#Tibet
		678 2131 2132 2133 2135 #kham_area
			#Other
		4403
	}
}
beijing={
	location=1816
	color={
		179  128  104
	}
	outgoing={
		name="yumen"
		path={
			695 696 697 701 709 707 
		}
		control={
			4660.000000 1291.000000 4630.000000 1264.000000 4604.000000 1224.000000 4590.609863 1235.060059 4564.000000 1231.000000 4554.000000 1236.000000 4549.000000 1235.000000 4546.000000 1232.000000 4541.000000 1231.000000 4534.000000 1228.000000 4524.000000 1227.000000 4510.000000 1223.000000 4495.000000 1219.000000 4468.000000 1224.000000 4445.000000 1231.000000 4430.000000 1234.000000 4422.000000 1242.000000 4423.000000 1253.000000 4415.000000 1258.000000 4408.000000 1270.000000 4374.000000 1289.000000 4348.000000 1315.000000 
		}
	}
	outgoing={
		name="nippon"
		path={
			1375 1374 1389
		}
		control={
			4686.000000 1301.000000 4716.000000 1294.000000 4758.000000 1273.000000 4767.000000 1215.000000 
		}
	}
	members={
			#north_china_region 2/3
		703 1816 2136 4194 #hebei_area
		695 696 2137 4195 #south_hebei_area
		690 691 2138 2139 2140 #shandong_area
		687 2175 2176 #henan_area
		693 694 697 2177 2178 #shanxi_area
		698 699 2180 2181 2183 #gansu_area
		689 700 2179 4198 #shaanxi_area
		688 692 1836 #north_henan_area
		2141 2142 4196 #jiangsu_area
		#other
		4233
	}
}
nippon={
	location=1376
	color={
		194 53 60 
	}
	outgoing={
		name="philippines"
		path={
			1389 1392 1396 4358 1397 
		}
		control={
			4804.000000 1186.000000 4783.000000 1092.000000 4761.000000 966.000000 4751.000000 893.000000 
		}
	}
	members={
			#japan_region
		1031 1032 1847 1852 4193 #hokkaido_area
		1023 1024 1837 #hokuriku_area
		1028 1843 4189 #kanto_area
		1027 4190 4191 #eastern_kanto_area
		1012 1015 4180 4181 #kyushu_area
		1030 1835 4359 #chubu_area
		1029 1839 4188 4360 #eastern_chubu_area
		1020 1021 1832 4187 #kinai_area
		1025 1026 4131 4192 #thohoku_area
		1017 1019 1825 4184 #saigoku_area
		1018 1830 4183 4185 #sanindo_area
		1819 1820 4186 #shikoku_area
		1014 1818 4182 #northern_kyushu
		#other
		1376
	}
}
the_moluccas={
	location=1357
	color={
		220  138  57 
	}
	outgoing={
		name="philippines"
		path={
			1399 652 653 1397 
		}
		control={
			4740.000000 565.000000 4740.000000 622.000000 4764.000000 669.000000 4788.000000 763.000000 4772.000000 846.000000 
		}		
	}
	outgoing={
		name="malacca"
		path={
			1358 1360 
		}
		control={
			4669.000000 535.000000 4548.000000 575.000000 4489.000000 622.000000 
		}
	}
	members={
			#moluccas_region 1/2
		645 2696 2717 2725 #molluca_area
		643 644 2713 2714 4845 #sulawesi_area
		633 635 2695 #timor_area
		642 2715 2716 4796 #south_sulawesi_area
		646 647 #ceram_area
		4797 4798 4795 641 #makassar_area
		648 649 650 #spice_islands_area	
		1237 2719 2720 2721 2722 #papua_area
		1245 2718 2723 2724 #vogelkop_area
			#oceanea_region 2/2
		1243 1989 1990 1992 #polynesia_area
		1236 1238 1239 1986 #melanesia_area
		1242 4937 4938 #fiji_area
			#Other
		1401 1399 1400 1357 1409 1789
	}
}
philippines={
	location=1397
	color={
		59 158 125 
	}
	outgoing={
		name="malacca"
		path={
			1398 2703 2709 2740 640 1361 
		}
		control={
			4636.000000 771.000000 4503.000000 674.000000 
		}
	}
	outgoing={
		name="carribean_trade"
		path={
			1403 1434 1676 1734 1735 1736 1740 1741 1711 1708 1702 1547 1548 835 
		}
		control={
			4782.000000 855.000000 4938.000000 777.000000 5152.000000 704.000000 5459.000000 734.000000 216.000000 832.000000 537.000000 822.000000 781.000000 795.000000 1011.000000 741.000000 1231.000000 754.000000 1437.000000 818.000000 1508.000000 921.000000 1547.000000 967.000000 
		}
	}
	members={
			#moluccas_region 2/2
		657 658 2698 4348 #luzon_area
		656 2697 2699 4349 4350 #southern_luzon_area
		2701 2702 4355 #mindanao_area
		652 653 4354 #west_mindanao_area
		654 2700 4351 4352 4353 #visayas_area
		651 655 4356 #palawan_area
			#oceanea_region 2/2
		1240 1997 4934 4935 4936 #northern_polynesia_area
		1244 1987 1988 #eastern_polynesia_area
		1241 1991 1993 1994 #micronesia_area
		1235 1995 1996 #west_micronesia_area
			#Other
		1397 1395 4357 1402
	}
}
#gulf_of_siam={
#	location=1365
#	color={
#		84 152 93 
#	}
#}
malacca={
	location=1361
	color={
		100  96  197
	}
	outgoing={
		name="ganges_delta"
		path={
			1348 1347 1345 1344 1343 
		}
		control={
			4329.000000 740.000000 4311.000000 813.000000 4279.000000 878.000000 4242.000000 943.000000 
		}
	}
	outgoing={
		name="cape_of_good_hope"
		path={
			1352 1624 1623 1621 1620 1617 1450 1448 
		}
		control={
			4470.000000 623.000000 4477.000000 580.000000 4421.000000 542.000000 4224.000000 539.000000 3966.000000 530.000000 3829.000000 511.000000 3652.000000 395.000000 3560.000000 220.000000 3315.000000 69.000000 
		}
	}
	members={
		####malaya_region####
		617 2673 2685 2674 4809 #north_sumatra_area
		620 2675 618 4810 #central_sumatra_area
		621 622 623 2678 2679 #south_sumatra_area
		2677 659 2676 4816 #jambi_area
		593 2390 2391 #tenasserim_area
		598 599 2393 4814 #malaya_area
		597 2686 4815 #johor_area
		594 2394 4812 4813 #north_malaya_area
		591 592 2404 2387 4835 #north_tenasserim_area
		595 596 2392 #malacca_area
		619 4811 2684 2682 #batak_area
		2680 2681 2683 4817 4818 #minangkabau_area
		574 1101 1248 1998 1999 #indian_ocean_islands_area
		
		####indonesia_region####
		638 2712 4799 2711 2710 #kutai_area
		636  2704 2705 4805 4806 #brunei_area
		640 2706 4802 4803 4804 #kalimantan_area
		639 2707 4800 4801 2708 #banjar_area
		2709 637 2703 #sabah_area
		627 2691 4794 #east_java_area
		626 2689 2690 4792 #central_java_area
		2688 625 4791 #west_java_area
		631 632 634 2693 #lesser_sunda_islands_area
		#indonesian_islands_area
		629 4793 628 2692 #surabaya_area
		624 630 2687 4790 #banten_area
			#Other
		1365 1364 1362 1361 1360 1358 1363 1355 1348 2740
	}
}
#siberia={
#	location=1064
#	inland=yes
#}
yumen={
	location=707
	color={
		108  153  65
	}
	inland=yes
	outgoing={
		name="samarkand"
		path={
			713 1786 739 1785 452 1967 454 
		}
		control={
			4246.000000 1328.000000 4192.000000 1306.000000 4157.000000 1325.000000 4120.000000 1324.000000 4090.000000 1323.000000 4080.000000 1318.000000 4045.000000 1303.000000 4006.000000 1297.000000 3995.000000 1291.000000 3975.000000 1297.000000 3945.000000 1314.000000 3915.000000 1317.000000 3894.000000 1307.000000 3880.000000 1305.000000 3866.000000 1296.000000 
		}
	}
	outgoing={
		name="kashmir"
		path={
			2123 710 508 2076
		}
		control={
			4249.000000 1313.000000 4169.169922 1293.489990 4099.000000 1266.000000 4058.000000 1259.000000 4010.000000 1271.000000 3990.000000 1253.000000 3982.000000 1236.000000 3979.000000 1232.000000 3960.000000 1231.000000 3953.000000 1208.000000 
		}		
	}
	members={
			#mongolia_region 1/2
		4218 725 4665 #cicigar_area
		717 721 2116 4219 4220 4673 4666 4667 #outer_mongolia_area
		702 723 2114 2115 2747 4670 4671 #inner_mongolia_area
		701 709 2191 4223 4676 #ordos_area
		713 715 2120 4208 4683 #zungaria_area
		714 2118 2119 4684 4681 #north_zungaria
		718 2117 4222 4682 4680 #altai_sayan_area
		2109 2187 4202 4674 #eastern_mongolia
		722 4203 4675 4672 2115 #chahar_area
		720 2193 4221 4677 4669 #central_mongolia_area
		719 2189 2190 4678 4668 #uliastai_area
		2122 4206 4207 #turpan_kumul_area
			#north_china_region 3/3
		707 708 2182 2184 #west_gansu_area
			#central_asia_region 1/2
		739 2124 2127 4209 4210 #kashgaria_area
		712 2121 2192 #tarim_basin_area
		710 711 2123 4693 #shanshan_area
			#Tibet
		705 706 2134 4204 #amdo_area
			 #Other
		1784 1786
	}
}
ganges_delta={
	location=1343
	color={
		36 109 194 
	}
	outgoing={
		name="comorin_cape"
		path={
			1342 1341 1340 
		}
		control={
			4126.000000 928.000000 4037.000000 783.500000 
		}
	}
	outgoing={
		name="kashmir"
		path={
			563 555 522 
		}
		control={
			4179.990234 997.599976 4185.000000 1013.000000 4186.000000 1025.000000 4181.000000 1046.000000 4178.000000 1059.000000 4170.000000 1061.000000 4162.000000 1059.000000 4157.000000 1063.000000 4152.000000 1060.000000 4149.000000 1063.000000 4144.000000 1062.000000 4138.000000 1064.000000 4120.000000 1066.000000 4109.000000 1062.000000 4099.000000 1055.000000 4085.000000 1057.000000 4072.000000 1061.000000 4059.000000 1068.000000 4040.000000 1081.000000 4035.000000 1086.000000 4022.000000 1094.000000 4019.000000 1101.000000 4015.000000 1115.000000 4010.000000 1127.000000 4008.000000 1145.000000 3987.000000 1161.000000 3977.000000 1163.000000 
		}
	}
	members={
			#burma_region
		582 2395 2396 4404 4405 #kachin_area
		584 2399 581 #upper_burma_area
		586 590 1815 2403 4399 #lower_burma_area
		583 588 2400 4397 4406 #shan_hill_area
		587 2401 4398 #karenni_area
		568 579 2402 #arakan_area
		4394 4396 585 4395 #central_burma_area
		2398 580 4393 2397 #chindwin_area
			#bengal_region
		563 2044 4479 #gaur_area
		561 2081 4476 4477 #west_bengal_area
		562 2045 2046 4486 #north_bengal_area
		564 2039 4474 4475 4478 #east_bengal_area
		570 573 2041 #naga_hills_area
		560 2096 4450 4470 4471 #jharkhand_area
		552 2038 2043 2049 4441 #orissa_area
		547 2048 4445 4446 4448 #garjat_area
		566 571 2040 2042 4440 #assam_area
		553 2082 4447 4451 4452 #upper_mahanadi_area
		567 2091 4473 #tripura_area
			#other
		1343 1950 1785 4401 4402
	}
}
comorin_cape={
	location=1340
	color={
		246 196 24
	}
	outgoing={
		name="gulf_of_aden"
		path={
			1615 1451 1331 
		}
		control={
			3866.000000 794.500000 3715.000000 850.000000 
		}
	}
	outgoing={
		name="indus"
		path={
			1339 2030 
		}
		control={
			3947.000000 855.000000 
		}
	}
	outgoing={
		name="cape_of_good_hope"
		path={
			1619 1618 1617 1450 1194 1193 1627 1458 1180 833 1179 1460 
		}
		control={
			3968.000000 722.000000 3952.000000 619.000000 3822.000000 521.000000 3643.000000 407.000000 3550.000000 228.000000 3315.629883 70.239998 
		}
	}
	members={
			#coromandel_region
		543 549 2084 2080 4425 #andhra_area
		536 2101 4412 #madura_area
		2100 4408 4409 #lanka_area
		572 2099 4407 #south_lanka_area
		2026 4415 4416 #tanjore_area
		538 2085 4414 #kongu_area
		539 540 1947 2027 4417 #south_carnatic_area
		2083 4418 4419 4420 #north_carnatic_area
			#deccan_region 1/2
		2028 4438 4444 #telingana_area
		569 1948 2035 4435 #maidan_area
		1946 2034 4431 #desh_area
		541 1949 2090 4423 4424 #rayalaseema_area
		533 2031 4421 4422 4426 #mysore_area
		531 2029 2030 2032 4427 #kanara_area
		529 530 2089 4429 #konkan_area
		534 535 537 4410 4413 #malabar_area
		532 2033 4428 #raichur_doab_area
		542 2037 4436 4439 #golconda_area
		546 548 2050 4442 4443 #berar_area
		544 545 4432 4433 4437 #ahmednagar_area
			#Other
		1340 1614 1339 1338 1341
	}
}
kashmir={
	location=507
	color={
		235  255  220
	}
	inland=yes
	outgoing={
		name="samarkand"
		path={
			578 451 450 453 454 
		}
		control={
			3954.000000 1224.000000 3951.000000 1219.000000 3945.000000 1217.000000 3941.000000 1215.000000 3935.000000 1216.000000 3933.000000 1214.000000 3928.000000 1214.000000 3922.000000 1216.000000 3915.000000 1209.000000 3906.000000 1211.000000 3899.000000 1214.000000 3894.000000 1211.000000 3888.000000 1216.000000 3875.000000 1212.000000 3876.000000 1221.000000 3880.000000 1226.000000 3883.000000 1237.000000 3876.000000 1242.000000 3877.000000 1251.000000 3877.000000 1256.000000 3872.000000 1254.000000 3864.000000 1258.000000 3860.000000 1257.000000 3853.000000 1259.000000 3844.000000 1260.000000 3831.000000 1261.000000 3832.000000 1279.000000 
		}
	}
	outgoing={
		name="indus"
		path={
			506 2072 4503
		}
		control={
			3962.000000 1153.000000 3944.000000 1143.000000 3936.000000 1141.000000 3930.000000 1135.000000 3909.000000 1127.000000 3889.000000 1108.000000 3864.000000 1088.000000 3873.000000 1070.000000 3870.000000 1059.000000 3863.000000 1046.000000 
		}
	}
#	outgoing={
#		name="persia"
#		path={
#			578 451 446 2221 2214
#		}
#		control={
#			3915.000000 1209.000000 3895.000000 1211.000000 3880.000000 1213.000000 3875.000000 1219.000000 3884.000000 1231.000000 3882.000000 1238.000000 3876.000000 1242.000000 3877.000000 1255.000000 3869.000000 1255.000000 3848.000000 1260.000000 3822.000000 1262.000000 3781.000000 1294.000000 3744.000000 1293.000000 3696.000000 1301.000000 3672.000000 1286.000000 3647.000000 1274.000000 
#		}
#	}
	members={
			#hindusthan_region 1/2
		558 4469 4472 4489 #bihar_area
		523 2094 4494 4495 4497 #oudh_area
		555 2055 2095 4490 #purvanchal_area
		557 2070 2071 4483 4485 #nepal_area
		509 511 2069 4493 #himalayan_hills_area
		524 556 2063 4496 #lower_doab_area
		522 2060 2062 #upper_doab_area
		510 2065 4411 4463 #sirhind_area
		507 2075 2076 4510 4513 #lahore_area
		508 2073 2074 4449 4521 #kashmir_area
		2047 4484 4487 4488 #mithila_area
		2097 2098 4468 #baghelkhand_area
		2061 4498 4499 #katehar_area
		4491 4492 554 #baisi_rajya_area
		559 2059 4459 4466 4467 #bundelkhand_area
		2077 2078 4511 #sind_sagar_area
			#Tibet
		676 4514 4515 4518 #utsang_area
		677 2130 4205 4517 4519 #tsang_area
		565 4481 4482 #bhutan_area
		2128 4516 4520 #ngari_area	
			#Other
		1785 1787 2200
	}
}
indus={
	location=504
	color={
		135 104 85 
	}
	outgoing={
		name="gulf_of_aden"
		path={
			1336 1333 1332 1331 
		}
		control={
			3809.000000 1011.000000 3760.000000 967.000000 3677.000000 901.000000 
		}
	}
#	outgoing={
#		name="basra"
#		path={
#			1336 1334 
#		}
#		control={
#			3829.000000 1052.000000 3769.000000 1048.000000 3706.000000 1059.000000 3685.000000 1080.000000 3643.000000 1068.000000 3600.000000 1085.000000 
#		}
#	}
	outgoing={
		name="persia"
		path={
			1336 1334 
		}
		control={
			3829.000000 1052.000000 3769.000000 1048.000000 3706.000000 1059.000000 3685.000000 1080.000000 3643.000000 1068.000000 3576.000000 1131.000000 3552.000000 1154.000000 3551.000000 1168.000000 3563.000000 1172.000000 3554.000000 1189.000000 3546.000000 1198.000000 3539.000000 1205.000000 3544.000000 1210.000000 3547.000000 1217.000000 3560.000000 1215.000000 3570.000000 1225.000000 3567.000000 1251.000000 3595.000000 1254.000000 
		}
	}
	members={
			#west_india_region
		513 514 2067 4506 #marwar_area
		518 2058 2087 4501 4462 #mewar_area
		519 520 2064 4500 #jaipur_area
		526 2056 2057 2093 4461 #malwa_area
		515 521 2052 4454 4455 #saurashtra_area
		517 2036 4430 #tapti_area
		504 2088 4503 4504 #sindh_area
		505 2072 4505 #northern_sindh_area
		527 4434 4453 #khandesh_area
		516 2051 2054 4512 4457 #ahmedabad_area
		503 2053 4456 4480 #patan_area
		512 4502 4507 2066 #jangladesh_area			
			#khorasan_region 1/2
		576 577 2068 #kalat_area
		434 575 2231 2232 2233 #makran_area
			#hindusthan_region 1/2
		506 2079 2086 4508 4509 #multan_area
		525 528 740 4464 4465 #gird_area
			#deccan_region 2/2
		550 551 2092 4458 4460 #gondwana_area
	}
}
kongo={
	location=4097
	color={
		171 148 148 
	}
	inland=yes
	outgoing={
		name="ivory_coast"
		path={
			1170 1464 
		}
		control={
			3176.000000 566.000000 3153.000000 586.000000 3127.000000 581.000000 3077.000000 598.000000 3059.000000 600.000000 3051.000000 586.000000 3037.080078 574.219971 3026.000000 571.000000 3018.000000 564.000000 3016.000000 557.000000 2987.000000 560.000000 2933.000000 610.000000 2916.000000 698.000000 
		}
	}
#	outgoing={
#		name="zambezi"
#		path={
#			4046 1191 1187 
#		}
#		control={
#			3191.000000 456.000000 3231.000000 424.000000 3273.000000 399.000000 3319.139893 402.510010 
#		}
#	}
	outgoing={
		name="cape_of_good_hope"
		path={
			 1191 1192 1457 1458 1459
		}
		control={
			3229.000000 542.000000 3258.000000 514.000000 3253.000000 501.000000 3252.000000 477.000000 3249.000000 466.000000 3245.000000 452.000000 3244.000000 436.000000 3239.000000 433.000000 3231.000000 421.000000 3218.000000 416.000000 3210.000000 407.000000 3213.000000 396.000000 3226.000000 399.000000 3256.500000 393.890015 3276.000000 399.000000 3300.000000 396.000000 3319.000000 400.000000 3334.000000 384.000000 3348.000000 376.000000 3358.000000 363.000000 3376.000000 347.000000 3367.000000 326.000000 3363.000000 307.000000 3364.000000 248.000000 3257.899902 95.120003 
		}
	}
	members={
		#Vanila kongo
		798 1169 1170 1901 2948 2949 4081 4082 4083 4084 4085 4086 4087 4088 4089 4090 4091 4092 4093 4094 4095 4096 4107 4098 4100 4101 4102 4103 4097 4099 4105 4109
		#Vanila african_great_lakes
		1273 1649 1798 1799 1925 4053 4054 4055 4056 4057 4058 4059 4060 4061 4062 4063 4064 4065 4066 4067 4068 4069 4070 4071 4072 4073 4074 4075 4076 4077
	}
}
#zambezi={
#	location=1191
#	color={
#		32 164 51 
#	}
#	inland=yes
#}
gulf_of_aden={
	location=1331
	color={
		56  120  191
	}
	outgoing={
		name="cape_of_good_hope"
		path={
			1446 1447 1448 
		}
		control={
			3611.000000 796.000000 3552.000000 694.000000 3486.000000 641.000000 3430.000000 554.000000 3448.000000 485.000000 3445.000000 392.000000 3367.000000 326.000000 3364.000000 248.000000 3258.000000 95.000000 
		}
	}
	outgoing={
		name="alexandria"
		path={
			1330 1329 1328 361 358 
		}
		control={
			3519.000000 841.000000 3465.000000 874.500000 3370.000000 1051.000000 3329.000000 1110.000000 3317.000000 1130.000000 3304.000000 1146.000000 3284.000000 1143.000000 
		}
	}
#	outgoing={
#		name="basra"
#		path={
#			1332 1333 1334 
#		}
#		control={
#			3648.000000 904.000000 3713.000000 951.000000 3753.000000 1020.000000 3699.000000 1051.000000 3685.000000 1080.000000 3643.000000 1068.000000 3600.000000 1085.000000 
#		}
#	}
	outgoing={
		name="persia"
		path={
			1332 1333 1334 
		}
		control={
			3648.000000 904.000000 3713.000000 951.000000 3753.000000 1020.000000 3699.000000 1051.000000 3685.000000 1080.000000 3643.000000 1068.000000 3576.000000 1131.000000 3552.000000 1154.000000 3551.000000 1168.000000 3563.000000 1172.000000 3554.000000 1189.000000 3546.000000 1198.000000 3539.000000 1205.000000 3544.000000 1210.000000 3547.000000 1217.000000 3560.000000 1215.000000 3570.000000 1225.000000 3567.000000 1251.000000 3595.000000 1254.000000 
		}
	}
	members={
			#arabia_region 1/3
		401 2341 2342 #dhofar_area
		386 391 4282 #asir_area
		387 2346 4279 #tihama_al_yemen_area
		390 2344 4281 #upper_yemen_area
		388 2345 4280 #yemen_area
		402 1099 4284 #mahra_area
		389 2343 4283 #hadramut_area
			#arabia_region 2/3
		394 395 396 2340 2347 #bahrain_area
		403 4285 4287 #oman_area
		397 398 404 2333 #pirate_coast_area
		399 400 4286 #mascat_area
		392 2337 4273 4274 #qasim_area
		2335 2336 2339 4275 #yamamah_area
		393 2338 4272 #nafud_area
			#arabia_region 3/3
		383 2328 4268 4269 #tabuk_area
		384 2329 2330 #medina_area
		385 2331 2332 4277 4278 #mecca_area
			#horn_of_africa_region
		2776 2780 2781 2785 #ajuuran_area
		2757 2758 2759 4158 #southern_ethiopia_area
		1214 1223 1224 2769 2772 #central_ethiopia_area
		1211 1212 2773 2793  #ifat_area
		1227 2766 2767 2771 #tigray_area
		1209 2786 2789 2792 2790 #somaliland_area
		1207 1208 1210 2778 2779 #ogaden_area
		1206 2024 2783 2784 2788 #majarteen_area
		1205 2775 2782 2794 2795 #mogadishu_area
		1230 1232 2324 2787 #red_sea_coast_area
		1222 1226 1225 2797 2798 #upper_nubia_area
		1217 2799 4033 #sennar_area
		1220 1228 1229 #dongola_area
		1218 2756 2760 #hadiya_area
		2762 2763 2770  #damot_area
		1215 2764 2765 2768 #aussa_area
		1213 2761 2791 #shewa_area
			#sahel_region 1/
		774 1219 2801 2802 2932 #darfur_central_sahara_area
		1216 1221 2800 #kurdufan_area
			#other
		2777 4051 4052 #jubba_area
		1779 4276 2334 4346 
	}
}
cape_of_good_hope={
	location=1460
		color={
		0 175 0
	}
	outgoing={
		name="ivory_coast"
		path={
			1461 1462 1463 1464 1465 1466 
		}
		control={
			3032.000000 172.000000 2973.000000 355.000000 2999.000000 503.500000 2933.000000 610.000000 2916.500000 697.500000 
		}
	}
	outgoing={
		name="brazil"
		path={
			1461 1602 1600 1598 1596 1531 
		}
		control={
			3032.000000 172.000000 2971.000000 282.000000 2735.000000 405.000000 2586.510010 531.140015 2407.000000 655.000000 
		}
	}
	members={
			#Vanila Zanzibar
		1448 788 1100 1102 1103 1183 1186 1192 1193 1194 1195 1196 1197 1198 1199 1200 1201 1202 1203 1204 1792 2796 2774 4020 4021 4022 4023 4024 4025 4026 4027 4028 4029 4030 4031 4032 4049
			#Vanila cape_of_good_hope
		1460 789 833 1175 1176 1177 1178 1179 1180 1181 1182 1173 1800 2856 2864 2880
			#Vanila zambezi
		1184 1185 1187 1188 1189 1190 1191 2950 2951 2952 4034 4035 4036 4037 4038 4039 4040 4041 4042 4043 4044 4045 4046 4047 4048 4050 4104 4106 4108 
		4781 4782 4783 4784 #transvaal_area
			#Other
		1459 1458 1457 1627 1456 1449 1460 1625 1626 1801 1450
	}
}
samarkand={
	location=454
	color={
		213 0 39
	}
	inland=yes
	outgoing={
		name="persia"
		path={
			442 441 438 437 427 426 
		}
		control={
			3817.000000 1296.000000 3794.000000 1290.000000 3781.000000 1294.000000 3744.000000 1293.000000 3696.000000 1301.000000 3672.000000 1286.000000 3647.000000 1274.000000 
		}
	}
	outgoing={
		name="novgorod"
		path={
			441 1082 308 
		}
		control={
			3828.000000 1305.000000 3807.000000 1310.000000 3774.000000 1316.000000 3736.000000 1349.000000 3736.000000 1373.000000 3726.000000 1379.000000 3720.000000 1411.000000 3631.000000 1437.000000 3583.000000 1431.000000 3567.000000 1439.000000 3560.000000 1443.000000 3555.000000 1454.000000 3546.000000 1461.000000 3534.000000 1475.000000 3528.000000 1478.000000 3523.000000 1486.000000 3500.000000 1495.000000 3511.000000 1515.000000 3523.000000 1552.000000 3550.000000 1562.000000 3556.000000 1573.000000 3571.000000 1586.000000 3571.000000 1598.000000 3562.000000 1605.000000 3562.000000 1614.000000 3574.000000 1625.000000 3570.000000 1639.000000 3551.000000 1648.000000 3534.000000 1652.000000 3510.000000 1647.000000 3491.350098 1650.140015 3480.000000 1665.000000 3478.000000 1675.000000 3466.000000 1680.000000 3442.000000 1681.000000 3438.000000 1685.000000 3431.000000 1682.000000 3406.000000 1693.000000 3405.000000 1678.000000 3393.000000 1671.000000 3385.000000 1663.000000 3375.000000 1660.000000 3361.000000 1664.000000 3347.000000 1651.000000 3333.000000 1657.449951 3311.000000 1674.000000 
		}
	}
	members={
			#central_asia_region 2/2
		437 438 439 443 2349 #transcaspia_area
		442 453 454 #transoxiana_area
		476 2351 2353 2358 2359 #kazakhstan_area
		477 478 2355 2360 4685 #balchasj_area
		440 441 1973 2362 2370 #khiva_area
		458 460 1967 #ferghana_area
		459 461 2125 2126 2368 #jetysuu_area
		457 2364 2356 #arys_area
		456 1969 2352 2361 #syr_darya_area
		455 1970 2363 #kyzylkum_area
		1968 4344 4343 #termez_area
		465 470 471 472 2366 #nogai_area
		469 474 2365 2367 #lower_yik_area
			#west_siberia_region
		1071 2434 4687 4688 4689 #yrtesh_area
		479 2354 2357 4686 4690 #aqmola_area
		480 1068 2428 2429 2433 #ob_area
		1064 1067 1068 1070 2430 #central_siberia_area
		1074 1075 1076 2369 4692 #ishim_area
		1069 1072 1073 2445 4691 #kara_area
		1059 1061 2431 2432 2436 #tunguska_area
		1060 1062 1063 2442 2443 #irkutsk_area
			#persia_region 1/3
		444 445 2350 #merv_area
		450 2227 2228 #balkh_area
		448 451 452 578 2226 #kabulistan_area
		447 449 2225 #ghor_area
			#ural_region 1/3
		475 1965 1966 2420 2444 #bashkiria_area
		1080 1078 1780 2427 2441  #ural_area
		2421 4265 4267 #volga_area
			#mongolia_region 2/2
		716 1065 1066 4679 #tannu_uriankhai_area
	}
}
#basra={
#	location=1335
#	color={
#		153  138  161
#	}
#	outgoing={
#		name="alexandria"
#		path={
#			410 377 363
#		}
#		control={
#			3564.000000 1140.000000 3556.000000 1150.000000 3547.000000 1159.000000 3525.000000 1161.000000 3502.000000 1172.000000 3497.000000 1192.000000 3491.000000 1201.000000 3476.000000 1206.000000 3463.000000 1220.000000 3444.000000 1222.000000 3427.000000 1245.000000 3402.000000 1249.000000 3383.000000 1246.000000 3365.000000 1249.000000 3335.520020 1171.880005 3277.000000 1172.000000 
#		}
#	}
#	outgoing={
#		name="persia"
#		path={
#			412 413 428 426 
#		}
#		control={
#			3564.000000 1140.000000 3556.000000 1150.000000 3549.000000 1159.000000 3551.000000 1169.000000 3563.000000 1171.000000 3550.000000 1198.000000 3539.000000 1207.000000 3545.000000 1211.000000 3547.000000 1217.000000 3557.000000 1216.000000 3569.000000 1231.000000 3555.000000 1252.000000 3552.000000 1261.000000 3549.000000 1265.000000 3553.000000 1268.000000 3554.000000 1276.000000 3558.000000 1275.000000 3562.000000 1270.000000 3571.000000 1269.000000 3577.000000 1262.000000 3586.000000 1279.000000 
#		}
#	}
#	outgoing={
#		name="crimea"
#		path={
#			408 2311 409 406 407 332 2301 2300 325 1321 1322 
#		}
#		control={
#			3555.000000 1151.000000 3549.000000 1159.000000 3547.000000 1159.000000 3547.000000 1167.000000 3544.000000 1171.000000 3543.000000 1174.000000 3539.000000 1176.000000 3539.000000 1178.000000 3536.000000 1181.000000 3534.000000 1185.000000 3531.000000 1186.000000 3527.000000 1189.000000 3523.000000 1187.000000 3510.000000 1193.000000 3501.000000 1198.000000 3499.000000 1207.000000 3499.000000 1213.000000 3495.000000 1215.000000 3490.000000 1221.000000 3489.000000 1225.000000 3487.000000 1229.000000 3483.000000 1238.000000 3483.000000 1249.000000 3485.000000 1250.000000 3489.000000 1255.000000 3491.000000 1259.000000 3497.000000 1262.000000 3492.000000 1267.000000 3488.000000 1269.000000 3485.000000 1275.000000 3494.000000 1281.000000 3496.000000 1289.000000 3508.000000 1296.000000 3514.000000 1305.000000 3500.629883 1323.339966 3501.000000 1352.000000 3465.000000 1366.000000 3433.000000 1353.000000 3390.000000 1355.000000 3359.000000 1370.000000 3345.000000 1397.000000 
#		}
#	}
#	members={
#
#
#
#			#Other
#		2334 4276
#	}
#}
#aleppo={
#	location=377
#	color={
#		125 110 225 
#	}
#}
#katsina={
#	location=1149
#	color={
#		148 249 196 
#	}
#}
persia={
	location=426
	color={
		62  129  20
	}
#	inland=yes
	outgoing={
		name="crimea"
		path={
			417 424 421 2198 2208 464 
		}
		control={
			3604.000000 1331.000000 3573.000000 1388.000000 3578.000000 1425.000000 3567.000000 1439.000000 3560.000000 1443.000000 3555.000000 1454.000000 3546.000000 1461.000000 3534.000000 1475.000000 3528.000000 1478.000000 3523.000000 1486.000000 3506.000000 1490.000000 3485.000000 1490.000000 3482.000000 1485.000000 3478.000000 1481.000000 3475.000000 1474.000000 3462.000000 1467.000000 3453.000000 1465.000000 3439.000000 1468.000000 3431.000000 1463.000000 3414.000000 1460.000000 3391.000000 1449.000000 3379.340088 1428.000000 3369.479980 1413.260010 3338.000000 1402.000000 
		}
	}
	outgoing={
		name="constantinople"
		path={
			417 4339 4300 416 4304 4179 4296 2306 2305 329 2300 4313 2299 316 1320 
		}
		control={
			3583.000000 1307.000000 3567.000000 1326.000000 3545.000000 1332.000000 3535.000000 1341.000000 3520.000000 1343.000000 3507.000000 1351.000000 3493.000000 1360.000000 3473.000000 1364.000000 3449.000000 1362.000000 3404.000000 1346.000000 3331.000000 1368.000000 
		}
	}
#	outgoing={
#		name="basra"
#		path={
#			428 2213 413 412 1335 
#		}
#		control={
#			3614.000000 1213.000000 3605.000000 1216.000000 3567.000000 1212.000000 3564.000000 1167.000000 
#		}
#	}
	outgoing={
		name="alexandria"
		path={
			416 377 378
		}
		control={
			3600.000000 1260.000000 3573.000000 1274.000000 3529.000000 1284.000000 3514.000000 1256.000000 3498.000000 1247.000000 3483.000000 1238.000000 3483.000000 1250.000000 3469.000000 1264.000000 3443.000000 1259.000000 3442.000000 1245.000000 3435.000000 1235.000000 3427.000000 1244.000000 3403.000000 1249.000000 3366.000000 1251.000000 3349.000000 1220.000000 3331.000000 1173.000000 3283.320068 1174.619995 
		}
	}
	members={
			#persia_region 1/2
		2218 4329 4330 4331 #farsistan_area
		427 428 2213 2216 4337 #iraq_e_ajam_area
		417 426 2214 4339 4341 #tabarestan_area
		2212 2215 4300 4338 #azerbaijan_area
		429 433 2222 4335 4171 #isfahan_area
		432 2220 2234 4345 #kerman_area
		416 2206 2207 4304 #tabriz_area
			#persia_region 2/3
		430 2219 2223 4332  #persian_gulf_coast
		431 2999 4327 #mogostan_area
		412 2217 4289 4290 4342 #khuzestan_area
		415 2211 4293 4294 #shahrizor_area
		413 414 2209 2210 #luristan_area
			#khorasan_region 3/3
		435 2224 2229 2230 #sistan_area
		436 4334 4336 #birjand_area
		446 4324 4325 #herat_area
		2221 2235 2236 4326 #mashhad_area
			#caucasia_region 1/3
		421 424 4299 4305 4340 #shirvan_area
			#mashriq_region 1/2
		407 411 2309 2314 4292 #al_jazira_area
		406 409 410 2310 4291 #iraq_arabi_area
		408 2311 2312 4288 #basra_area
			#Other
		4328 4170 4172 4177 1334
	}
}
timbuktu={
	location=1132
	color={
		230 231 62 
	}
	inland=yes
#	outgoing={
#		name="tunis"
#		path={
#			1133 2274 2474 354 2453
#		}
#		control={
#			2797.000000 932.000000 2861.000000 913.000000 2933.000000 931.000000 3010.000000 996.000000 3024.000000 1048.000000 3016.000000 1179.000000 2986.000000 1206.000000 2981.000000 1238.000000 
#		}
#	}
	outgoing={
		name="ivory_coast"
		path={
			2263 1135 2252 2255 2257 1466 
		}
		control={
			2801.000000 919.000000 2825.000000 883.000000 2853.000000 845.000000 2879.000000 825.000000 2879.000000 800.000000 2907.000000 784.000000 2911.000000 751.000000 2906.000000 733.000000 2879.000000 729.000000 2837.000000 740.000000 
		}
	}
	outgoing={
		name="sevilla"
		path={
			1128 346 343 
		}
		control={
			2746.000000 1024.000000 2722.000000 1124.000000 2742.000000 1192.000000 2732.000000 1213.000000 2714.000000 1225.000000 
		}
	}
	members={
		#Vanila katsina
		1144 1146 1162 1145 1152 1153 1150 1154 1155 1156 1157 1158 1160 1161 1249 1149 1148 2273 2272 2274 2275 2276 2277 2278 2279 2280 2281 2282 2283 2284 2285 2286 2287 2288 2293 2475 1159 
		#Vanila timbuktu
		1115 2237 2240 1122 1125 2251 1135 1137 2265 2266 1136 2256 2267 2252 2253 2254 2255 1138 2247 1120 1121 1124 1123 1131 1132 1134 1133 1142 2243 2244 2245 2246 2248 2249 2250 2259 2260 2261 2262 2263 2264 2268 2269 2270 1127 1128 1129 1130 2271 1140 1143 2291 2292 2295 
	}
}
#astrakhan={
#	location=464
#	color={
#		26 27 154 
#	}
#	inland=yes
#}
#kiev={
#	location=280
#	color={
#		81 123 210 
#	}
#}
brazil={
	location=1531
	color={
		129  177  125 
	}
	outgoing={
		name="ivory_coast"
		path={
			1596 1597 1586 1585 1466 
		}
		control={
			2328.000000 722.000000 2490.000000 712.000000 2610.000000 661.000000 2737.000000 645.000000 
		}
	}
	outgoing={
		name="carribean_trade"
		path={
			1530 1529 1528 1527 1522 1520 1521 1516 
		}
		control={
			2274.000000 743.000000 2263.000000 795.000000 2210.000000 827.000000 2125.000000 847.000000 2042.000000 904.000000 2013.000000 940.000000 1914.000000 1045.000000 1858.000000 1053.000000 1775.000000 1062.000000 1703.000000 1066.000000 1631.000000 1102.000000 
		}
	}
	members={
		2857 2879 2884 2887 #Rio Grande
		759 765 2891 2892 2894 2898 2899 #Minas Gerais
		758 2906 2907 2908 2909 2910 2911 2919 #Goias
		2881 2888 2893 2900 2901 2902 2903 2904 2905 2920 #Mato Grosso
		766 768 769 2895 2896 2897 #Sao Paolo
		762 763 764 #Rio De Janeiro
		756 757 760 761 2914 2916 #Bahia
		750 751 753 754 755 2885 2912 2913 2915 2917 2918 2921 2922 #Pernambuco
		749 752 2886 2923 2924 2925 2926 2927 #Maranhao
		747 748 2890 2928 2929 2930 2933 2934 2935 #Grao-Para
		2889 2938 #Guyana
		#other
		1531
	}
}
ivory_coast={
	location=1466
	color={
		50 0 200
	}	
	outgoing={
		name="carribean_trade"
		path={
			1467 1468 1579 1577 1576 1522 1520 1519 1517 1516 
		}
		control={
			2696.000000 657.000000 2431.000000 777.000000 2279.000000 894.000000 2168.000000 924.000000 2002.000000 1051.000000 1858.000000 1053.000000 1775.000000 1062.000000 1703.000000 1066.000000 1631.000000 1102.000000 
		}
	}
	outgoing={
		name="champagne"
		path={
			1467 1468 1470 1471 1566 1563 
		}
		control={
			2693.000000 675.000000 2498.000000 819.000000 2482.000000 1053.000000 2488.000000 1226.000000 2589.000000 1369.000000 2669.000000 1427.000000 2745.000000 1455.000000 2777.000000 1462.000000 2791.000000 1465.000000 2810.000000 1462.000000 2825.000000 1466.000000 2834.000000 1473.000000 2855.000000 1484.000000 2862.000000 1487.000000 
		}
	}
	outgoing={
		name="english_channel"
		path={
			1467 1468 1470 1471 1566 1563 
		}
		control={
			2698.000000 664.000000 2487.000000 781.000000 2447.000000 1068.000000 2433.000000 1258.000000 2528.000000 1407.000000 2620.000000 1472.000000 2726.000000 1513.000000 2777.000000 1526.000000 2821.000000 1534.000000 2829.000000 1546.000000 
		}
	}
	outgoing={
		name="sevilla"
		path={
			1467 1468 1470 1471 1566 1563 
		}
		control={
			2702.000000 692.000000 2568.000000 783.000000 2516.000000 940.000000 2548.000000 1064.000000 2617.000000 1127.000000 2641.000000 1223.000000 
		}
	}
	members={
			#Vanila ivory_coast
		1164 1165 1166 1096 1793 2241 1466 1097 1098 1118 1119 1151 1163 2242 1168 1306 4078 4079 4080 1126 1139 1141 2257 2258 1147 2289 2290 2294 1111 1112 1113 1116 2239 1114 1117 2238 1167 1171 1172 1174
			#Other
		1463 1464 1465 1467 1468 1469 1585 1462 1601
		2251
	}
}
carribean_trade={
	location=1516
	color={
		231  181  12 
	}
	outgoing={
		name="chesapeake_bay"
		path={
			1524 1503 1502 1501 1500 
		}
		control={
			1651.000000 1204.000000 1619.000000 1236.000000 1604.000000 1280.000000 1606.000000 1312.000000 1587.000000 1389.000000 1635.000000 1447.000000 
		}
	}
	outgoing={
		name="champagne"
		path={
			488 490 1526 1575 1583 1580 1567 1563 
		}
		control={
			1659.000000 1193.000000 1704.000000 1197.000000 1891.000000 1187.000000 2082.000000 1253.000000 2210.000000 1293.000000 2326.000000 1295.000000 2446.000000 1349.000000 2585.000000 1393.000000 2669.000000 1427.000000 2745.000000 1455.000000 2777.000000 1462.000000 2791.000000 1465.000000 2810.000000 1462.000000 2825.000000 1466.000000 2834.000000 1473.000000 2855.000000 1484.000000 2862.000000 1487.000000 
		}
	}
	outgoing={
		name="sevilla"
		path={
			488 490 1526 1575 1583 1580 1567 1563 
		}
		control={
			1684.000000 1121.000000 1844.000000 1108.000000 1899.000000 1143.000000 2019.000000 1171.000000 2253.000000 1245.000000 2391.000000 1282.000000 2545.000000 1326.000000 2650.000000 1298.000000 2662.000000 1265.000000 
		}
	}
	members={
			#carribean_trade Colonial
		482 483 484 485 486 487 488 489 490 491 492 493 494 495 496 497 498 499 500 501 502 1881
		2654 2655 2656 2658 2659
		4624 4622 4623 4619 4618 4620 4621
			#colonial_colombia
		815 816 817 818 819 820 821 2820 #Quito
		822 823 824 825 826 827 832 2812 2814 2815 2816 2817 2818 #New Granada
		835 836 838 2660 2663 2664 2819 #Castilla del Oro
		828 829 2806 #New Andalucia
		741 742 830 831 834 2803 2805 2807 2808 2809 2810 2811 2813 2939 #Venezuela
		2931 743 744 745 2937 2804 746 #Guyana
		4592 4597 4595 4596 4599 4600 4601 4602 4610 4603 4614 4611 4609 4612 4613 4608 4607 4617 4605 4604 4615 4616 # new for 1.28
			#Other
		1516 1506 1505 1503 1525 1518 1524 1521 1526 1523 1522 1520 1519 1517 1515 1514 481
	}
}
chesapeake_bay={
	location=1500
	color={
		193 26 14 
	}
	outgoing={
		name="st_lawrence"
		path={
			965 963 969 2012 986 1490 
		}
		control={
			1651.000000 1554.000000 1652.000000 1576.000000 1655.000000 1596.000000 1655.000000 1607.000000 1647.000000 1618.000000 1639.000000 1626.000000 1637.000000 1635.000000 1646.000000 1643.000000 1655.000000 1652.000000 1673.000000 1664.000000 1701.000000 1679.000000 1730.000000 1709.000000 1782.000000 1728.000000 
		}
	}
	outgoing={
		name="english_channel"
		path={
			1570 1572 1582 1568 1564 1563 
		}
		control={
			1738.000000 1507.000000 1855.000000 1421.000000 2056.000000 1373.000000 2323.000000 1459.000000 2628.000000 1499.000000 2726.000000 1513.000000 2777.000000 1526.000000 2821.000000 1534.000000 2829.000000 1546.000000 
		}
	}
	members={
		####colonial_eastern_america####
		929 931 932 933 935 936 937 938 949 950 951 952 953 954 955 956 957 958 962 963 965
		966 967 968 970 971 926 927 928 930 923 924 922 934 939 941 940 948 947 946 959 960 961
		964 969 925 2010 2011 2013 2023 2525 2526 2527 2531 2532 2533 2534 2535 2536 2537 2538
		2539 2540 2541 2542 2543 2544 2545 2546 2547 2548 2549 2550 2551 2552 2553 2554 2555 2556
		2557 2558 2559 2560 2561 2562 2563 2564 2565 2566 2567 2639
		4626 4625
		4871 4872 4873 4874 4875 4876 4877 4878 4879 4880 4881 4882 4883 4888 4889 4907 4912 4913 4921
		
		#other
		1500
	}
}
#james_bay={
#	location=1486
#}
st_lawrence={
	location=1490
	color={
		94  117  55
	}
	outgoing={
		name="english_channel"
		path={
			981 1299 1270
		}
		control={
			1847.000000 1715.000000 1900.000000 1751.000000 1970.000000 1779.000000 2234.000000 1743.000000 2415.000000 1711.000000 2631.000000 1665.000000 2714.000000 1628.000000 2720.000000 1555.000000 2737.000000 1547.000000 2753.000000 1544.000000 2766.000000 1551.000000 2783.000000 1554.000000 2789.000000 1548.000000 2795.000000 1549.000000 
		}
	}
	outgoing={
		name="champagne"
		path={
			1491 1494 1495 1565 1564 1479 1563 
		}
		control={
			1880.819946 1684.609985 1942.000000 1653.000000 2041.000000 1632.000000 2178.000000 1627.000000 2364.000000 1615.000000 2525.000000 1581.000000 2651.000000 1515.000000 2744.000000 1466.000000 2777.000000 1462.000000 2791.000000 1465.000000 2810.000000 1462.000000 2825.000000 1466.000000 2855.000000 1484.000000 2862.000000 1487.000000 
		}
	}
	outgoing={
		name="sevilla"
		path={
			981 1494 1569 1568 1567 1566 1292 1293 
		}
		control={
			1868.000000 1676.000000 1909.000000 1614.000000 2054.000000 1538.000000 2207.000000 1463.000000 2406.000000 1372.000000 2548.000000 1331.000000 2650.000000 1298.000000 2662.000000 1265.000000 
		}
	}
	members={
		####colonial_canada####
		1010 1008 1009 1011 1006 1005 1004 1007 1002 1003 1000 999 998 1001 992 991 989 988 987
		993 990 994 986 985 984 995 996 997 981 980 983 982 1813 2012 2015 2568 2569 2570
		2571 2572 2573 2574 2575 2576 2577 2578 2579 2580 2581 2582 2583 2584 2585 2586 2587 2588
		2589 2590 2591 2592 2593 2594 2595 2596 2597 2670 2671
		4890 4891 4892 4893 4894 4895 4896 4897 4919 4920

		1104 1105 #greenland_area
		
			#Other
		1805 1806 1490 1491 1483 1482 1493
	}
}
sevilla={
	location=1293
	color={
		231  181  12 
	}
	outgoing={
		name="venice"
		path={
			223 222 221 1295 1296 1297 
		}
		control={
			2744.000000 1250.500000 2780.000000 1259.500000 2809.000000 1285.000000 2823.500000 1326.000000 2874.000000 1354.000000 2925.000000 1373.000000 2949.000000 1404.000000 
		}
	}
	outgoing={
		name="alexandria"
		path={
			1305 1313 357 2326 2325 358 
		}
		control={
			2748.000000 1246.000000 2783.000000 1256.000000 2821.000000 1271.000000 2884.000000 1282.000000 2954.000000 1296.000000 2986.000000 1273.000000 3015.000000 1205.000000 3148.000000 1200.000000 3235.000000 1171.000000 
		}
	}
#	outgoing={
#		name="tunis"
#		path={
#			1294 1301 1302
#		}
#		control={
#			2777.000000 1247.500000 2856.000000 1284.500000 2954.000000 1282.000000 
#		}
#	}
	members={
			#iberia_region
		211 214 2990 4557 #aragon_area
		197 212 213 2987 2988 #catalonia_area
		220 1750 4549 4550 #valencia_area
		224 225 1748 1749 4548 #lower_andalucia_area
		222 223 226 4546 #upper_andalucia_area
		215 217 2755 4551 4789 #castille_area
		219 221 2751 2754 4547 #toledo_area
		207 1745 4552 1746 #asturias_area
		206 4554 4555 4558 #galicia_area
		333 4559 4560 #baleares_area
		209 210 2989 #basque_country
		208 216 4553 #leon_area
		231 232 228 1851 4556 #beieras_area
		227 229 230 4150 4787 #alentejo_area
		366 367 368 4565 #macaronesia_area
		4788 218 1747 #extremadura_area
			#maghreb_region 1/2
		334 335 1751 4563 4561 #northern_morocco_area
		347 1110 2470 #southern_morocco_area
		342 345 2469 4564 #western_morocco_area
		339 340 1882 #kabylia_area
		336 2465 4562 #algiers_area
		2459 2462 2463 #hautes_plaines_area
		350 351 2458 #ouled_nail_area
		346 349 2460 #tafilalt_area
		348 2464 2466 4568 #sus_area
		343 344 2467 2468 #marrekesh_area
		352 2450 2456 2457 2472 #north_saharan_area
		337 2461 338 #barbary_coast_area
			#Other
		1293 1294 1297 1296 1301 1295 1472 1292 4167 4168
	}
}
alexandria={
	location=358
	color={
		188  166  93
	}
	outgoing={
		name="constantinople"
		path={
			362 363 1316 1932 318 317 1320 
		}
		control={
			3267.000000 1183.000000 3257.000000 1215.000000 3236.000000 1243.000000 3203.000000 1286.000000 3203.000000 1315.000000 3216.000000 1325.000000 3216.000000 1324.000000 3216.000000 1324.000000 3235.000000 1333.000000 
		}
	}
	outgoing={
		name="venice"
		path={
			1315 1318 145 1773 144 143 1310 1309 1308 
		}
		control={
			3253.000000 1183.000000 3216.000000 1220.000000 3160.000000 1229.000000 3130.000000 1251.000000 3108.000000 1291.000000 3100.000000 1332.000000 3088.000000 1367.000000 3055.000000 1374.000000 3021.000000 1402.000000 
		}
	}
	members={
			#egypt_region
		1234 2322 2323 #lower_nubia_area
		365 2315 2320 2321 #gulf_of_arabia_area
		1233 2318 4323 #al_wahat_area
		358 362 363 #delta_area
		361 2316 4316 4317 #bahari_area
		359 2317 4318 #vostani_area
		360 1231 2319 4319 4320 #said_area
		355 356 357 2325 2326  #cyrenaica_area
			#mashriq_region 2/2
		378 382 1855 4297 #syria_area
		364 379 1854 #palestine_area
		380 381 2327 #trans_jordan_area
		405 4270 4271 #syrian_desert_area
		377 1849 2313 4298 #aleppo_area
			#maghreb_region 2/2
		2448 2449 2474 4567 #fezzan_area
		341 2454 2455 2473 4566 #tunisia_area
		353 2453 2954 #djerba_area
		354 2451 2452 #tripolitania_area
			#Other
		321	1316 1315 4321 1314 1317 1305 1313 1795
	}
}
crimea={
	location=1322
	color={
		193  179  127 
	}
	outgoing={
		name="krakow"
		path={
			284 282 281 280 4115 272 40
		}
		control={
			3274.000000 1421.000000 3266.000000 1429.000000 3249.320068 1428.349976 3247.000000 1459.000000 3236.000000 1466.000000 3225.000000 1484.000000 3205.000000 1495.000000 3190.000000 1505.000000 3164.000000 1520.000000 3147.000000 1534.000000 3148.000000 1544.000000 3141.000000 1551.000000 3132.000000 1563.000000 3116.000000 1565.000000 3102.000000 1571.000000 3090.000000 1580.000000 3098.000000 1588.000000 
		}
	}
	outgoing={
		name="constantinople"
		path={
			1322 1321 1320 
		}
		control={
			3314.000000 1403.000000 3279.000000 1379.500000 
		}
	}
	outgoing={
		name="novgorod"
		path={
			286 1082 308
		}
		control={
			3297.000000 1443.000000 3331.000000 1454.000000 3341.000000 1466.000000 3355.000000 1467.000000 3354.000000 1483.000000 3337.000000 1489.000000 3330.000000 1498.000000 3320.000000 1499.000000 3313.000000 1503.000000 3300.000000 1508.000000 3297.000000 1517.000000 3283.000000 1525.000000 3283.000000 1549.000000 3286.000000 1559.000000 3276.000000 1576.000000 3279.000000 1583.000000 3279.000000 1607.000000 3281.000000 1637.000000 3285.000000 1662.000000 3299.000000 1682.000000 
		}
	}
	members={
			#crimea_region
		284 285 2410 2447 #crimea_area
		288 467 1971 2409 #lower_don_area
		464 466 468 2416 2417 #astrakhan_area
		283 2411 2412 #zaporizhia_area
		282 1974 2406 #yedisan_area
		286 287 2413 2414 #azov_area
			#caucasia_region 3/3
		463 2201 2195 2197 #circassia_area
		425 2198 2199 2208 4306 #dagestan_area
			#russia_region 1/2
		302 304 2415 #tambov_area
			#ural_region 2/3
		303 2418 2419 #saratov_area
		473 1081 2423 #samara_area
			#ruthenia_region 1/2
		291 298 299 2408 #sloboda_ukraine_area
		290 2407 4542 #east_dniepr_area
		280 1942 1944 4247 #west_dniepr_area
		281 4540 1943 #podolia_volhynia_area
		1945 289 4543 #chernigov_area
			#Other
		1323 1322
	}
}
constantinople={
	location=1320
	color={
		149 45 102
	}
	outgoing={
		name="venice"
		path={
			149 148 3001 1766 138 137 136 1308 
		}
		control={
			3237.000000 1338.000000 3223.000000 1331.000000 3216.000000 1324.000000 3203.000000 1315.000000 3189.000000 1283.000000 3192.000000 1262.000000 3179.000000 1248.000000 3153.000000 1238.000000 3130.000000 1251.000000 3108.000000 1291.000000 3100.000000 1332.000000 3088.000000 1367.000000 3055.000000 1374.000000 3021.000000 1402.000000 
		}
	}
	outgoing={
		name="wien"
		path={
			1756 4239 153
		}
		control={
			3263.000000 1364.000000 3269.000000 1405.000000 3266.000000 1429.000000 3255.000000 1427.000000 3246.000000 1429.000000 3246.000000 1405.000000 3223.000000 1402.000000 3213.000000 1395.000000 3195.000000 1395.000000 3192.000000 1392.000000 3176.000000 1396.000000 3168.000000 1393.000000 3168.000000 1400.000000 3160.000000 1404.000000 3157.000000 1409.000000 3160.000000 1416.000000 3126.000000 1418.000000 3123.000000 1425.000000 3103.000000 1433.000000 3101.000000 1451.000000 3102.000000 1469.000000 3104.000000 1477.000000 3089.000000 1478.000000 3081.000000 1478.000000 3075.000000 1483.000000 
		}
	}
	members={
			#anatolia_region 1/2
		316 317 2296 #hudavendigar_area
		318 319 2297 2298 4309 #aydin_area
		323 324 2301 4307 #karaman_area
		329 1846 2300 4314 4315 #rum_area
		325 328 2299 2304 #kastamonu_area
		330 331 2305 #erzurum_area
		332 2303 2308 4310 #dulkadir_area
		327 2302 #cukurova_area -321
		326 4312 4313 #ankara_area
		164 320 2348 3003 4700 #aegean_archipelago_area
		322 1848 4308 4311 #germiyan_area
			#anatolia_region 2/2
		418 2306 2307 4295 4296 #north_kurdistan_area
			#caucasia_region 2/3
		420 419 2202 2205 4302 #armenia_area
		422 462 1856 #imereti_area
		2196 2204 4303 #samtskhe_area
		423 2203 4301 #kartli_kakheti_area
			#balkan_region 1/2
		148 1853 3001 4702 4780 #macedonia_area
		142 144 147 4699 4698 #northern_greece_area
		145 146 163 1773 4701 #morea_area
		149 151 1764 4779 4705 #thrace_area
		143 4174 4175 4750 #albania_area
	}
}
#genua={
#	location=1297
#	color={
#		218 215 56 
#	}
#}
venice={
	location=109
	color={
		125  171  84
	}
	outgoing={
		name="wien"
		path={
			1769 128 1863 134 
		}
		control={
			2975.000000 1420.000000 3002.000000 1417.000000 3014.000000 1432.000000 3038.000000 1448.000000 3056.000000 1468.000000 
		}
	}
	outgoing={
		name="champagne"
		path={
			101 201 203 192
		}
		control={
			2944.000000 1407.000000 2932.000000 1393.000000 2903.000000 1377.000000 2880.500000 1385.500000 2880.000000 1394.000000 2881.000000 1400.000000 2883.000000 1418.000000 2882.000000 1430.000000 2884.000000 1444.000000 2884.000000 1453.000000 2889.000000 1459.000000 2883.000000 1471.000000 2880.000000 1478.000000 2871.000000 1483.000000 
		}
	}
	members={
			#italy_region
		108 111 112 1774 4729 #venetia_area
		104 1862 4728 4740 2979 #lombardy_area
		109 4739 107 #po_valley_area
		103 1875 2981 4727 #piedmont_area
		115 116 117 2978 2980 #tuscany_area
		101 102 2992 #liguria_area
		121 2983 4734 #naples_area
		118 2976 4731 4732 #lazio_area
		123 1934 2984 #calabria_area
		122 1933 2985 4733 #apulia_area
		105 106 113 114 4730 #emilia_romagna_area
		119 120 2977 #central_italy_area
		124 126 2982 #sicily_area
		125 4736 4737 #western_sicily_area
		127 1247 2986 4735 #corsica_sardinia_area
			#france_region 1/2
		201 202 2991 4696 #provence_area		
		203 204 205 4719 #savoy_dauphine_area	
			#south_german_region
		166 1869 1870 1873 4722 #switzerland_area
		165 1867 1871 4720 4721 #romandie_area
			#Other
		1298 1303 1308
	}
}
champagne={
	location=186
	color={
		20 50 210 
	}
	outgoing={
		name="english_channel"
		path={
			181 1866 92 1744 1269 
		}
		control={
			2863.000000 1498.000000 2858.000000 1497.000000 2844.000000 1492.000000 2839.000000 1496.000000 2827.000000 1499.000000 2818.000000 1507.000000 2807.000000 1506.000000 2807.000000 1513.000000 2826.000000 1522.000000 2830.000000 1538.000000 2832.000000 1548.000000 
		}
	}
	outgoing={
		name="rheinland"
		path={
			188 1876 1857
		}
		control={
			2899.000000 1487.000000 2903.000000 1499.000000 2914.000000 1513.000000 2922.000000 1524.000000 2927.000000 1519.000000 2937.000000 1516.000000 2946.000000 1522.000000 
		}
	}
	members={
			#france_region 2/2
		167 168 1879 4385 #normandy_area
		187 188 189 4766 #lorraine_area
		87 88 89 1743 #picardy_area
		181 186 4390 #champagne_area
		182 183 185 4388 #ile_de_france_area
		177 178 4389 #loire_area
		192 193 4764 #bourgogne_area
		191 1877 4392 #west_burgundy_area
		190 195 199 4697 4777 # massif_central_area
		169 170 171 172 4384 #brittany_area
		194 198 4112 174 #guyenne_area
		180 4111 4386 4387 #poitou_area
		175 173 176 4694 #pyrenees_area
		200 2753 4391 4695 196 #languedoc_area
		184 179 4776 #orleans_area
	}
}
wien={
	location=134
	color={
		220 220 220 
	}
#	outgoing={
#		name="lubeck"
#		path={
#			1770 2968 267 2967 2965 62 58 52 2964 53 1857 45 
#		}
#		control={
#			3038.000000 1488.000000 3034.000000 1502.000000 3029.000000 1511.000000 3033.000000 1517.000000 3032.000000 1528.000000 3027.000000 1532.000000 3028.000000 1538.000000 3021.000000 1544.000000 3010.000000 1547.000000 3007.000000 1552.000000 3002.000000 1554.000000 2994.000000 1554.000000 2989.000000 1560.000000 2993.000000 1566.000000 2994.000000 1575.000000 2983.000000 1580.000000 2973.000000 1587.000000 
#		}
#	}
	outgoing={
		name="krakow"
		path={
			1772 154 2960 262 
		}
		control={
			3064.000000 1483.000000 3075.000000 1483.000000 3081.000000 1478.000000 3089.000000 1478.000000 3084.000000 1490.000000 3087.000000 1501.000000 3099.000000 1515.000000 3116.000000 1517.000000 3128.000000 1520.000000 3136.000000 1521.000000 3143.000000 1527.000000 3147.000000 1534.000000 3148.000000 1544.000000 3141.000000 1551.000000 3132.000000 1563.000000 3116.000000 1565.000000 3102.000000 1571.000000 3090.000000 1580.000000 3098.000000 1588.000000 
		}
	}
	outgoing={
		name="rheinland"
		path={
			133 64 2955 71 78 1876 
		}
		control={
			3053.000000 1487.000000 3037.000000 1484.000000 3026.000000 1487.000000 3018.000000 1488.000000 3016.000000 1491.000000 3003.000000 1498.000000 2992.000000 1500.000000 2991.000000 1496.000000 2976.000000 1494.000000 2969.000000 1502.000000 2948.000000 1511.000000 
		}
	}
	members={
			#balkan_region 2/2
		131 1826 1828 4752 #croatia_area
		136 137 4753 #east_adriatic_coast_area
		139 140 1831 3002 4755 #bosnia_area
		141 3000 4176 4239 4757 #serbia_area
		152 4756 1767 4173 #slavonia_area
		138 1766 1827 4754 #rascia_area
		150 1765 2746 2750 4703 #bulgaria_area
		4704 4706 159 #silistria_area
			#north_german_region 1/3
		266 2968 2970 4725 4724 #bohemia_area
		267 1771 2967 #erzgebirge_area
		265 4237 4726 #moravia_area
			#south_german_region 1/2
		133 134 1770 4761 4762 #austria_proper_area
		128 132 1863 4759 #inner_austria_area
		73 110 1768 4710 4758 #tirol_area
		129 130 1769 4738 4751 #carinthia_area
				#carpathia_region
		135 153 1864 4126 4240 #transdanubia_area
		155 1953 1954 4125 #alfold_area
		154 162 1318 1772 4236 #slovakia_area
		157 158 1952 4127 #transylvania_area
		156 1951 4128 #southern_transylvania_area
		160 161 2998 4531 4532 #wallachia_area
		268 1756 2405 4529 4530 #moldavia_area
	}
}
#north_sea={
#	location=1975
#	color={
#		117 165 188 
#	}
#}
krakow={
	location=43
	color={
		176  81  111 
	}
	outgoing={
		name="baltic_sea"
		path={
			1257 1981 6
		}
		control={
			3104.000000 1624.000000 3083.000000 1634.000000 3037.000000 1619.000000 
		}
	}
	outgoing={
		name="novgorod"
		path={
			1927 1256 38 274
		}
		control={
			3116.000000 1627.000000 3135.000000 1678.000000 3166.000000 1684.000000 3179.000000 1669.000000 3211.000000 1653.000000 3226.000000 1641.000000 3242.000000 1640.000000 3246.000000 1636.000000 3259.000000 1632.000000 3265.000000 1625.000000 3281.000000 1637.000000 3285.000000 1662.000000 3299.000000 1682.000000 
		}
	}
	outgoing={
		name="rheinland"
		path={
			1858 50 57
		}
		control={
			3095.000000 1620.000000 3067.000000 1615.000000 3049.000000 1607.000000 3029.000000 1601.000000 3028.000000 1595.000000 3033.000000 1591.000000 3029.000000 1579.000000 3018.000000 1572.000000 2990.000000 1562.000000 2993.000000 1541.000000 2984.000000 1530.000000 2963.000000 1523.000000 
		}
	}
	members={
			#poland_region
		254 4526 255 2963 #wielkopolska_area
		262 4527 2960 #malopolska_area
		261 1940 2424 2961 4541 #red_ruthenia_area
		256 257 1938 4525 #mazovia_area
		263 264 2966 4238 4723 #silesia_area
		258 1939 4533 4533 #central_poland_area
		260 2959 259 #sandomierz_area
		4523 1859 4524 4528 #kuyavia_area
			#ruthenia_region 2/3
		278 1941 4537 4545 #pripyat_area
		269 277 1937 #podlasie_area
		279 2962 4539 4538 #volhynia_area
			#baltic_region
		272 770 4535 4536 #lithuania_area
		2997 42 43 1841 #west_prussia_area
		40 41 767 2958 #east_prussia_area
		270 271 1936 4534 #samogitia_area
		37 38 273 4241 #livonia_area
		36 1834 1842 #estonia_ingria_area
		35 39 1935 #curonia_area
	}
}
novgorod={
	location=310
	color={
		96  131  80
	}
	outgoing={
		name="baltic_sea"
		path={
			33 1254 1926 25 1257
		}
		control={
			3279.000000 1733.000000 3220.000000 1733.000000 3133.000000 1705.000000 3093.879883 1653.550049 3031.000000 1629.000000 
		}
	}
#	outgoing={
#		name="english_channel"
#		path={
#			1261 309 1652 
#		}
#		control={
#			3303.000000 1718.000000 3313.000000 1748.000000 3323.000000 1748.000000 3328.000000 1753.000000 3334.000000 1757.000000 3347.000000 1758.000000 3351.000000 1762.000000 3355.000000 1758.000000 3363.000000 1760.000000 3359.000000 1777.000000 3362.000000 1791.000000 3347.000000 1799.000000 3343.000000 1809.000000 3336.000000 1816.000000 3341.000000 1826.000000 3344.000000 1835.000000 3354.000000 1845.000000 3388.000000 1871.000000 3442.000000 1889.000000 3460.000000 1919.000000 3404.000000 1962.000000 3295.000000 2012.000000 3186.000000 2029.000000 3082.000000 1996.000000 2992.000000 1934.000000 2958.000000 1860.000000 2876.000000 1794.000000 2855.000000 1725.000000 2805.909912 1633.260010 2811.000000 1580.000000 
#		}
#	}
	members={
			#russia_region 2/2
		295 4251 4252 #moscow_area
		1754 1956 4254 #suzdal_area
		310 311 1959 2749 4260 #novgorod_area
		274 275 1960 4148 #pskov_area
		312 4259 4261 #beloozero_area
		313 1776 1958 4258 #pomor_area
		30 33 34 1961 #karelia_area
		301 1778 4255 #ryazan_area
		32 309 4124 #north_karelia
		294 1752 4243 4248 4249 #tver_area
		308 1753 4117 4250 #yaroslavl_area
		307 4147 4253 #vladimir_area
		296 300 4116 #oka_area
		1955 4122 4256 4257 #arkhangelsk_area
		314 4262 4263 #vologda_area
			#ural_region 3/3
		1077 1755 1963 1964 4129 #perm_area
		306 1079 1083 1957 #galich_area
		305 1962 1972 4266 #kama_area
		1082 2422 4264 #kazan_area
			#ruthenia_region 3/3
		293 297 4244 4245 #smolensk_area
		292 771 4246 #white_ruthenia_area
		276 4115 4242 4544 #minsk_area
			#Other
		1777 1652
	}
}
english_channel={
	location=236
	color={
		153  0 0
	}
	outgoing={
		name="rheinland"
		path={
			4383 99 85
		}
		control={
			2877.000000 1557.000000 2901.000000 1558.000000 2910.000000 1546.000000 2927.000000 1519.000000 
		}
	}
	outgoing={
		name="baltic_sea"
		path={
			1270 1975 1267 1259
		}
		control={
			2837.000000 1565.000000 2883.000000 1591.000000 2922.000000 1604.000000 2929.000000 1660.000000 2972.000000 1689.000000 3004.000000 1642.000000 
		}
	}
	members={
			#british_isles_region
		243 1861 4376 #east_midlands_area
		239 240 244 4372 4375 #west_midlands_area
		245 4367 4368 4785 #yorkshire_area
		246 247 4361 4362 #scottish_marches_area
		233 234 4130 4373 4374 #wessex_area
		235 236 237 4371  #home_counties_area
		238 1860 4370 #east_anglia_area
		241 242 4366 4369 #wales_area
		248 249 251 #lowlands_area
		250 252 369 4110 4363 #highlands_area
		253 4364 4365 #kingdom_of_the_isles_area
		4118 4377 4378 #munster_area
		375 376 4119 #connacht_area
		373 374 4120 4379 #leinster_area
		372 4121 4380 #ulster_area
			#scandinavia_region 1/2
		1978 1979 #subarctic_islands_area
		370 371 #iceland_area
			#low_countries_region
		90 1865 4769 #flanders_area
		96 97 98 4383 #holland_area
		99 100 1931 4381 4382 #frisia_area	
		91 93 94 1866 #wallonia_area
		95 4770 1742 #north_brabant_area
		92 1744 2974 #brabant_area
			#Other
		1284 1283 1286 1285 1287 1288 1270 1279 1280 1269 1975 
	}
}
baltic_sea={
	location=12
	color={
		8 82 165 
	}
	outgoing={
		name="rheinland"
		path={
			45 44 1874 1762
		}
		control={
			2973.500000 1601.000000 2957.000000 1590.000000 2940.000000 1599.000000 2939.000000 1583.000000 2951.000000 1574.000000 2949.000000 1560.000000 2954.000000 1549.000000 2955.000000 1537.000000 2956.000000 1530.000000 
		}
	}
	members={
			#scandinavia_region 2/2
		5 8 1985  #svealand_area
		9 11 18 4114 #norrland_area
		2 3 25 4166 #gotaland_area
		6  26 1982 4165 #skaneland_area
		15 1984 4142 4149 #jutland_area
		12 14 1981 1983 #denmark_area
		27 28 29 31 4123 #finland_area
		10 20 21 #northern_norway
		17 22 4143 4144 #eastern_norway
		23 24 2752 4145 #western_norway
		19 4113 4152 #bothnia_area
		315 4151 #laponia_area -1777
		7 16 4163 4164 #vastra_gotaland_area
		1 4 1930 #ostra_svealand_area
			#north_german_region 1/2
		13 1775 4141 #holstein_area
			#Other
		4146 4153 1926 
	}
}
rheinland={
	location=1876
	color={
		75  130  135 
	}
	members={
			#north_german_region 2/2
		54 55 1874 4771 #weser_area
		57 1758 2971 4773 #braunschweig_area
		56 86 2973 69 #north_westphalia_area
		84 85 2975 83 #north_rhine_area
		80 1760 1878 4768 #lower_rhineland_area
		82 2972 4775 #westphalia_area
		81 1762 1876 4774 78 #hesse_area
		45 46 2996 4749 4786 #mecklenburg_area
		50 51 1759 4748 2993 #mittelmark_area
		44 53 1857 4772 #lower_saxony_area
		52 58 2964 4741 4742 #northern_saxony_area
		59 61 4744 62 #south_saxony_area
		63 2965 4743 #thuringia_area
		49 2969 4747 #neumark_area
		47 2994 4745 1858 #vorpommern_area
		48 2995 4746 #hinter_pommern_area
		60 1763 4778 #lusatia_area
			#south_german_region 2/2
		66 67 4716 4717 #upper_franconia_area
		4718 4715 71 79 #franconia_area
		70 4713 4712 #lower_swabia_area
		72 74 4714 #upper_rhineland_area
		77 1761 4767 #palatinate_area
		68 1868 4711 1872 #upper_swabia_area
		64 1757 2956 2957 #lower_bavaria_area
		65 2955 4707 4708 #upper_bavaria_area
		75 1880 4765 #alsace_area
		76 4760 4709 #east_bavaria_area
	}
	end=yes
}
#lubeck={
#	location=45
#	color={
#		114 171 184 
#	}
#}